333
333
3
333
3
33
3313
33
33
333
33
333
33
33
33
333
233
33
33
33
23
33
233
3323
313
333
33
233
33
33
33
33
333
333
33
3323
33
33
3331
233
23
33
33
33
3333
32
33
323
33
33
33
313
33
33
233
333
33
33
2313
23
32
33
233
33
33
33
3333
333
333
33
33
33
2213
33
33
333
33
33
233
333
33
323
3
322
333
33
33
323
113
33
333
33231
33
333
32
33
1333
3
3213
332
33
3333
3333
323
33
33
33
32
332
333
33
33
2233
32
333
32
332
33
3
33
322
333
32
32
32
322
322
322
32
32
3
233
33
3322
333
33
233
33
33
33
33
333
33
33
33
33
33
333
23
3
33
333
33
33
233
33
33
23
23
333
333
33
333
213
33
33
33
33
333
332
333
332
333
333
33
23
23
33
332
23
33
333
23
33
33
33
33
23
333
223
33
33
333
31
3322
33
23
333
33
33
333
33
33
333
332
23
33
33
32
33
3
333
233
33
33
33
33
33
333
33
323
333
332
3323
323
233
3223
333
333
223
323
333
233
333
233
323
23233
33
3313
3233
323
33
333
313
333
3323
333
33
333
233
133
3233
333
333
313
333
1313
33
31313
33
33
333
321313
333
33
33
3
323
33
3333
33
333
23
33
23
333
33
33
233
233
333
33
323
233
33
323
31333
3333
332
333
323
33
333
333
333
323
3
313
31313
3232
313133
2333
333
2333
33
33
233
333
313
313
33
333
333
333
3133
333
33323
332
333
323
33
332
23132
33
313
3333
3332
332
3323
332
333
3313
3233
323
33
33
33
33
33
2333
23321
22333
3313
23
33
33
33
33
33
3323
33
33
333
33
33
33
33
33
23
2213
33
33
3
333
33
33
33
33
33
3
33
23
3
3
3
3
233
233
33
233
233
333
233
333
233
233
233
333
233
323
3231
233
233
313
233
233
33
33
333
33313
332
233
33
33
33
33
332
33
33
233
2233
33
333
3322
3322
233
333
33
33
313
233
3333
33
33
33
33
3333
33
33
333
332
233
33
333
3
33
313
333
333
33
33
33
313
33
322
233
33
233
33
3222
333
23
332
333
333
3333
332
333
3113
3313
333
223
2233
322
2233
223
223
223
2233
2223
3322
3322
3322
223
2233
322
2213
223
223
2233
333
233
333
333
233
333
233
33
33
233
33
33
2233
333
3333
32313
333
323
33
333
333
313
33
3223
3333
2333
33
332
333
333
33
33
333
323
333
33
33
32
233
33
333
333
333
233
333
33
333
33
323
2333
313
33
332
33
33
333
3133
133
223
3222
33
333
323
33
33
333
223
2213
313
33
33
33
233
333
33
33
333
3333
33
313
3133
331
33
33
333
333
2233
33
3313
33
333
223
33333
33
33
3133
333
3313
2333
223
223
33
333
333
2233
333
333
233
322
233
233
33
333
3333
233
33
3332
3323
23
333
33
33
323
33
33
23
33
331111312
333
33
332
332
32
2333
333
333
332
233
3332
33
311331
333
33
333
3
33
3233
33
223
23
33
23
333
33
313
23
3
33
333
33
3
33
3
3
33
33
3333
3
33
33
33
23
33
233
33
2333
33233
2233
223
33
3
33
3
233
33
33
33
33
333
322
32
33
333
33
333
2333
332
23
333
33
3312
333
33
33
3123
33
2233
33
33
33
223
2323
3232
3322
32313
332
33
33
33
33
32333
2223
333
233
323
3333
223
22333
3333
33
233
223113
323
313
3322
2233
3223
332
333
33
3313
33
33
33
33223
332
3132
33
223
2323
333
33
33
3333
33
333
332
233
313123
22323
3223
233
33
233
323
233
2333
3322
333
33
33322
31313
333
3313
3333
2333
33
33
33
33
33
333
233
333
21233
333
233
2333
232
323
33
33
332
3323
323
32313
3313
3333123
3333222
333
3231231
333
33233
233
3313
332131
333
2333
33
233
33323
3323
332
333
3323
3313
331312222
333
23322
3333
22333
333
33
33
333
332
323
33
233
333
2233
233
3212
333
333
223333
223333
33
333
233
223
233
313333
33
333
3333
33
33
33
33
333
23323
3212
33
323
3332
33
333
33
33
233
31212
3323
2332
333
333
233
233
32
333
33
333
2333
3333
33
333
233
233
3213
3
3323
3332
33
2333
33
33
333
333
333
223
233
3322
33
2233
233
3333
233
233
2333
333
33
233
2333
333
3313
23
233
233
3322
2233
3313
233
333
333113
32
223
233
3222
233
233
2233
233
333
3322
333
233
2233
33
3213
23
2333
333
2333
223
23
3322
233
223
322
3313
2213
322
333
2233
333
23
3333
333
323
333
32
33
3332
33
3
233
233
223333
323
33333
233
233
3332
33213
32323
21333
322331
333
233
3233
33
3311
233
3113
333222
33322
333
333
33132
3332
333
33
31212
2323
23213
331311
2233
322
233
2233
3313
2233
32312
23323
333
2233
313
3223
22333
223323
333
3222
333
2233
3332
33
233
233
33
3133
31322
322
33322
33
33332
233
33
333
3223
332332
233
333212
333
3222
33312
333
3323
223
33
3333
33
33
333
33
3333
2233
2323
233
223
332
223
33331
3333
33
333
333
333
33
23
3223
333
22233
3313
333
33323
2323
2233
33
2233
2233
3322
33
3323
333233
33223
233
333
233
33
33333
333
333
33
32233
333
333
233
233
223
323332
2323
2333
332
22332
333
33133
33
3323
3323
333
32233
333
22333
322311
332
3313
3331
223
333
233
3132
323
322
3332
2233
3232
313
233
223
3333
2233
33
333
33222
233
3233
332
333
23333
333
322
23
333
333
2333
33
33
33
2333
313
2223
233
33
23
322
133322
3333
333
333
33
3322
3232
33
2233
3322
3233
332
33312
3312
333
3332
3333
233
233
333221
3132
3322
333
333
22333
3223
323
33
22333
3332
23
322
32233
322
3322
3322
3313
312323
2311313
2333
233
333
2233
3322
3233312
331312
23
2333
222313
3322
2233
313222
313331
3333
33322
2233
233
2323333
32233
2333
2233
3332
23332
331231
23123
2213231
32233
3323
23
23233
3233
2333
3223
3233
323
2333
3323
33311
3133
2322333
332233
2233
222333
23332
322233
223333
33131
3223
3233
331322
233
332222
233
33
32331
2121333
333
331331
3322
223
3321222
2332
333
312233
23333
322
2233233
333
2333
2323
233
33231
332
2233
33
33323
3333
33123
223
333223
33323
332
2233
233
2222323
3323
3223
222333
333222
323
32333
33231
33312
312331
233133
32313
233
22333
333
33233
3323
2333
33123
332
333
331322
333
33
33
33
233
233
33
3
33
332
33
33
33
333
333
33
33
333
2333
3332
33
2233
32
333
33
33
33
3333
3
3
33
33
33
333
33
313
333
23
33223
3323
33
233
2333
33
333
33
33
333
33
33
333
23
333
33
33
3
333
333
33
33
233
33
333
233
33
3
23
3
33
33
33
33
332
33
3322
3
33
33
3
233
333
3
3
33
332
33
33
33
23
3
33
33
333
333
33
3
33
33
33
33
33
3
32332
3
32
23
233
33
33
3231
333
33
3
3
233
33
33
3
2333
332
332
3
3
333
33
323
3221
33
3
3
3333
3
233
333
33
33223
33
33
223
333
33
3333
223
333
3133
333323
333
32
33
3333
33
22233
333
3
32313
33
3
3
3
3
333
333
333
2332
1323
33
3
3
33
33
33
33
33
33
33
33
33
332222
333
33
33
33
323
333
33
333
333
3
332
33
3333
33
333
33
3
333
33
3
33
33231
3
33
233
3332
33
333
333
332
3
333
333
2233
33
33
33
23
33
233
33
3333
3
33
333
33
33
33
33
33
33
3
333
233
313
3333
333
3133
333
3
212333
333
333
33
33
333
333
3
33
212133
33
33
3
33
3
333
3323
33
33
33
3
33
33
3
33
333
3
33
331
31
333
33
33
333
333
123
233
2233
3333
3322
33
33
33
33
2333
32313
333
333
33
3
3
3
333
2233
333
223
33
33
323332
233
33
332
233
33
33
33
332
23
3
23
33
3333
33
33
32
333
2233
33
3333
2233
33
333
323
223
33
3
333
33
2333
333
223
333
33331
333
33
3233
33
333
33
333
33
333
333
33
3322
3332
32323
33
33
333
3
33
33
3
333
33
33
223
33
3
233
33223
33
3333
33
33
33
33
22223
33
3333
33
33
33
3322
233
233
333
332
33
33
33
33
333
333
33
333
333
333
3
33
333
33
333
33
333
3333
2333
33
33
233
3
33322
33
333
333
33
333
313
3323
333
33
33
33
33
3
3333
33
33
33
33
333
33
333
31313
332313
3
33
33
33
22333
33
3233
33
33
333
333
233
333
23
23
2223
3313
333
33
333
3
33
33
33
33
333
333
3323
33
3333
333
3
223
33
22333
323
33
233
333
333
333
33
33
33231
33
333
3
33
33
333
333
33
33
333
33
33
33
33
22333
3333
33
33
33
33
33
333
33
3
333
233
3
33
33
3
33
32
322
33
333
33
2333
3
333
33
333
33
33
33
33
33
3
333
3333
3
33
3333
33
33
33
33233
33
2233
23
333
333
333
2233
333
3
2333
233
23
33322
333
33
33
223
332
33
33
23
333
33
33
333
3333
331
33
3
33
33
3333
33
33
33
33
333221
33
33
333
33
233
33
3
233
223
3
3
33
333
3
333
323
33
33
33
3
33
33233
33
32
3121
31
33
33
332
32
333
3233
333
3
3313
3133
33
323
33
333
33
33
333
3
3
233
333
33
3333
333
333
33
223
23
33
33
33
3
333
333
3
33
3
33
33
33
33
33
33
33
33
2222333
223
33
333
3
333
33
233
333
33
3333
33
231123
3333
223
32233
33
33
333
3
3
3233
33
3
33
33
333
23
3
233
2333
333
33
223
33
33
33
223
233
333
33
233
33
33333
33
33
33
333
33
3
33
33
233
333
333
33
3322
233
33
333
33
333
33
2233
3322
3
3333
33
3333
223
33
3
3
33
33
33
33
33
33
2233
333
333
3332
3333
33
333
333
3
33
33
3233
33
33
33
23333
3
33
33
33
23
333
22323
23
3
33
3
3
3333
3
33
2213
333
33
333
33
233
23
1213
33
3
23
33
333
33
333
223
233
333
33
33
33
3
323
333
33
33
3313
33
3
2333
333
33
3
3323
33
333
3
33
33
33
2323313
333
33
323
3
33
33
33
33
223
33
333
333
33131
32
2233
33
33
333
33333
33
33
333
32
3
333
33
2233
333
33
333
3333
33
233
33
33
33
3
33
33
333
33
233
333
3
33
333
33
3
33
332
2233
3
223333
33
233
333
333
223
333
33
33
333
331
33
33
33
333
13
33
33
33
33
3132322
333
33
33
33
33
33
3311331
233
33
33
33
33
33
33
233
2233
323
223
22233
3
33
333
333
31133
33
2233
33
33
33
33
33
33
33
33
3333
33
23
33
233
22223
33
3
23
333
3
33
33
333
33
3
2233
33
23
333
233
33
3332
333
33
333
33
33
333
333
333
33
2333
33132
33
333
333
33
33
33333
3
233
333
333
333
33
333
333
33
333
333
33
333
33
3312331
33
3
333
23
33
33
33
33
3333
23
332
33322
23
3
33
3
333
3333
23
33
33
23
3
333
33
333
2233
3
33
33
233
333
333
233
33
3
333
33
3
333
333
3333
333
33
33
22213
23
23
3323
33
333
313
233
2223
33
333
33
332
333
33
33
33
333321
33
233
33
33
22333
333
33
33
33
3312
323
3
3133
33
33
3233
33
33
333
223
333
33
33
31332
23
3323
333
3333
3
333
3
33
33
33
33
333
233
33
33
33
233
33
3
3
233
333
33
333
33
33
33
333
333
33
33
323
33
333
3
33
33
33
33
3333
33
333
33
33
333
3
33
33
333
333
233
2233
3333
33
33
2333
333
3333
333
33
33
33
3
333
223
23
3
33
33
33
333
33
33
333
233
33
33
33
33
333
3
333
33
33
3
333
3233
33
333